NAME: eu130
TYPE: TSP
COMMENT: 100 city problem (Churritz)
DIMENSION: 100
EDGE_WEIGHT_TYPE: EXPLICIT
EDGE_WEIGHT_FORMAT: FULL_MATRIX
EDGE_WEIGHT_SECTION
0.0 122.08584238252605 129.12592417103184 76.00256324458428 100.8826832942243 97.32220450497744 64.08949545082535 77.5878783551963 135.32946338682947 67.96504160475169 74.30348950173325 51.37504843403426 146.55190965361152 120.34378694020953 123.16814784924586 53.23346974673508 112.24973558035472 143.4564033266057 141.02953122056857 77.6419987415189 99.55725764997423 127.22748092823414 130.39778308756587 50.669540231450995 96.87903049711726 69.88987781178714 125.65785002123683 74.33763862959063 59.937274036912115 65.0203822759441 55.21704150101431 65.97231772615864 107.92622669767029 62.59008452028105 147.47008082731855 137.28364217208326 137.86189677211092 64.19208266060606 141.42175042677593 127.02398722304085 143.7004593861284 101.60175086954226 129.89115706318773 149.74616235733382 115.7624419620266 109.50675569721601 116.51259999835217 148.00322957136822 65.55903865252004 59.262923920929666 66.74653640172298 114.85981198309781 132.72945627643043 87.54295674498044 86.8181198599807 129.76910309968045 117.67199906333204 128.04600199407045 141.05254981504584 90.05935185716082 90.31513601302055 59.93223201148855 84.26311162148106 113.83848800659828 129.5238985628897 56.83571810921918 125.5888606063844 106.28003715632661 50.47691133420288 102.29247738209506 114.96420720309688 68.0202043360725 76.14526169121598 125.68572862130914 109.2293011410209 71.24110059729499 105.47569757660233 55.43215859904029 132.70217342586687 149.89166027223348 52.80666251902244 91.65216814185283 83.41870551224002 106.61100391842464 142.5848316140825 122.74512919770683 134.06776094910904 98.8566547062822 124.17911723774301 149.36739037571536 142.64945863558694 75.96604372886958 65.35945055323985 80.6606917621558 135.44317054022412 118.02886299596399 107.93578079864052 146.9076417136223 127.5571670708867 141.80042348420235
122.08584238252605 0.0 64.92400115066977 121.29348483040873 106.20783989824562 111.33619094664655 124.78774943560362 87.75166867718976 131.33195144971336 131.69003118452906 122.52000141816238 56.0819196656105 123.47384301701123 57.77862440753692 123.56226329605569 136.35548910099155 135.40506365887103 83.46592391940874 119.74274926970907 138.11754035208767 80.87802742963468 112.16947315625308 127.85619507166155 112.55355129110899 65.84887119676425 75.45258873080333 91.05293261082153 92.12396259751739 106.56724242101963 87.7151323427289 125.91344646323222 90.75316292871992 63.40916317581462 128.79263983660144 71.98031472603856 75.92187916441642 142.20400072188937 104.07866828637196 129.33442731590605 139.3227514178655 140.502710981125 141.8026739151801 112.37915335648856 97.75113921822525 140.56482691743372 123.321021647726 66.30912423499552 132.53884561439986 96.4930923342142 120.35851992444445 113.37291500733409 56.72968129230351 126.70996356301667 125.76300714119824 147.0163813647548 89.00137130319803 140.95169698211268 89.01004215064538 82.51604304767292 148.73351788654202 135.02418551144785 88.57826937258088 73.46249398599134 140.19915230405417 74.80332687190736 64.05002265792976 142.94157685345897 138.31767121838215 123.30767538680291 108.58635193403879 94.19135688223727 134.26655821605675 52.51233256545984 100.21668255168697 82.90475766205701 51.462171966763826 139.0306684960713 145.33682259764367 66.56946986653395 93.10684693892547 55.577525921615134 143.7106359559484 79.6317336267331 92.68807045797269 135.3200436993209 121.58623379624221 142.23480914252792 92.12001367072796 145.3541213198183 56.40609181401884 63.120937314434066 87.28480482493688 115.78808420504922 111.57292948565751 143.01653083235823 112.73996587233043 73.39923401291604 107.26733852753654 141.64465782371352 54.18214667042962
129.12592417103184 64.92400115066977 0.0 64.97436438610356 141.24129789941063 96.67459633306174 126.9028369493676 102.87351182296763 54.34711551931085 80.07048081201062 111.59743559682292 139.2026724198271 123.4203388251597 57.235685094013256 113.64686603608683 96.41066371845072 100.0562340484484 131.9733341684929 129.92514211057818 139.848510197987 110.96993029826824 95.80584132277843 71.42595514065835 64.24335535950888 112.066787136084 98.6112999842843 94.10983240701317 146.34511146171178 112.43470991937292 115.84034270760367 66.80217741323091 71.60131240756712 144.4632240629648 108.6437946146732 69.06473180776516 90.38173486329417 125.91696059148661 116.33231565938948 101.25941029640008 53.16000002929672 137.71488303925375 125.92765833952002 112.57333774759556 67.32698264446839 129.64999068939008 75.78378018108786 52.662172314970675 73.37136491451368 71.62842386602796 77.92600609395797 51.5400340026531 122.68979945481139 92.12107260333501 136.9113055723388 96.91460810807109 94.03223755479434 60.30678485766061 107.73311513072716 61.302644596340414 116.3117487141396 97.14712034715888 67.06570362140604 125.89172060456232 103.81663632311094 122.07982486212936 119.29855048953131 103.21110128122037 129.18234264395304 59.46850694189413 133.07774286375837 87.62557563786169 56.04254902261994 134.04749115880136 139.19300540457567 92.70737138722453 129.89085237540428 119.95584570253078 74.88473704235552 58.85742525494217 109.15898383033107 98.92170347417333 78.73531504978814 69.61145608197423 114.61020093325321 121.14248996062267 82.42368488339272 132.2137717409208 117.49001259794369 99.09171502237173 90.60321585911547 84.6491683516487 145.42820562995135 127.11993754529719 59.19102297409204 148.615622193737 106.04112027183848 104.26810055286458 120.97985574771049 55.060529435521524 110.22228029310332
76.00256324458428 121.29348483040873 64.97436438610356 0.0 65.96344204553351 63.486281619860975 117.94852757345743 50.98889698155505 132.7053788836734 95.25325883135511 68.1867648841057 94.45832807416605 143.45538795009662 50.066695032791884 137.91144369618826 137.97680506064046 80.58214991426361 116.56462976215684 64.48273088390063 133.59195263389572 112.15982229641423 67.83559665527332 82.10586344328087 111.52321570315797 52.04283811508873 132.55033414722536 128.21430848199674 142.2487310406341 55.77681254428802 77.84067292823245 103.26190414337232 146.80331745665617 90.51094978494687 144.8570300449053 62.72820134566297 146.51874311131417 62.35373580153387 122.91737499827826 133.2624658200952 143.06685297483529 91.23091460737426 119.48087149958252 119.08713542415417 76.42976125090887 147.5175272494323 136.5692732904339 121.78774167827788 125.15923532534909 92.16115625984976 58.342212753196854 120.41166155835512 91.69660710043163 60.04460168298258 146.94645788005144 64.5099185665339 101.88423778810488 51.44954833584276 93.94465244484904 137.16784141462497 64.78307011671538 133.18376108705752 100.23056209923028 82.8837623243445 75.64713399315953 92.49312847047634 72.21243841276281 70.1027987487983 139.03434008121062 103.57749936600034 121.58444488296023 75.2217778131633 125.58060025150033 93.83266965722493 111.11606750150202 119.29668376695402 101.30964620135993 62.22797292688096 84.07621534931832 82.33863837819898 145.14308881588136 51.972144509019934 86.07478094311713 133.65104491361137 70.60074305743959 115.27912958985522 67.81254391305379 82.53736749191151 69.80717760418257 134.99741569487034 132.18134957616672 118.81841688639373 102.09244447087096 118.86788119939654 107.58998512965064 89.54712972853055 65.907855879974 115.35605683759633 134.419917979493 120.32533255222631 123.59823521714046
100.8826832942243 106.20783989824562 141.24129789941063 65.96344204553351 0.0 115.12182761929687 94.96852503269092 86.01659663335292 130.1008763154281 102.78600919346586 67.20138851770548 64.88115709008918 98.48072345709662 130.65250921531825 94.84761154037662 84.48212609973956 103.57835142403297 81.13465369711423 57.49947180459469 97.22315719579052 81.58732051532704 98.89670175034459 143.3693980546937 101.10595823867445 103.6704719513888 65.14551164551963 104.46952445374036 67.7910114324426 122.35772159477123 128.38270935961663 110.06992206450404 77.44872610878824 53.12964974987781 74.12667841231574 86.77741492480126 56.066517262820796 51.59685417853028 124.88400404050951 56.848346689124796 133.8791799538405 75.46851164500279 143.25530934028137 142.19486004603465 50.34891280270034 107.62284699516891 107.04685004831649 65.00400852548228 119.89485624786111 92.94875908851053 146.20684985303012 81.98248853293143 95.00585044807467 80.13908942921557 87.37748677897255 61.10511321499911 82.31805261559433 135.97103850495728 71.27673941156334 96.09419253803699 114.72222074951166 94.74250896476596 131.58160842419446 109.74123125779192 139.22044253220045 100.85449788367465 120.4112110490988 107.0243265849765 106.48547608907379 80.2938428142945 128.63471942568134 72.52268881805549 97.75024789880203 111.02223881324873 130.33113025691267 84.05896812518725 142.9963554532 60.13737953714856 121.89848364423771 50.49538893004256 53.21482454905993 139.69381008528353 103.5545355650686 80.25786337868405 105.95851047283813 105.70126754813954 143.9706270842023 105.70768779652326 126.41061988887503 123.07033435378789 77.60084991542188 113.73186035901956 138.14425883160544 143.9666469781555 83.1343212603008 124.53163570192733 140.97978210911512 143.035319865305 110.28200940590692 74.3021602640851 117.9341641681951
97.32220450497744 111.33619094664655 96.67459633306174 63.486281619860975 115.12182761929687 0.0 118.64826489308903 104.50920204602855 62.41625262732002 76.55505216499868 107.05199629149597 53.059948244754054 55.486012186279446 87.01300890286399 98.6088548054374 58.33104272105901 117.65558657387878 115.96692369206707 138.2059730100449 51.987794363009655 104.44712395594217 124.57742796233111 119.40054620315131 100.00687086586036 110.7836594079352 96.33655268970816 113.719853460159 59.592574884108686 62.44194375491231 112.59616869564263 114.41804207605693 123.96704844243229 127.9720853710594 118.70102122563858 55.59222383587099 89.95378182084218 137.81075656022665 63.95829555389139 133.31180630174936 116.93362481163643 84.24067061134919 73.42960773800777 83.71535890053596 125.24079652945173 141.06960395395419 75.81111346868124 97.40094298758487 110.66434621573731 66.210494458627 67.46706520081759 102.30398866228539 59.78136380269591 136.43077314098844 70.80794145498228 65.16168390036323 119.645384511909 64.49518046693989 51.75239912003706 51.7236344373051 90.05547773012981 74.77913448605597 115.21891851689146 85.14713290658145 147.66630374857758 101.22577505710335 101.2151868980196 98.21914095309104 117.35521871841661 98.62398442638872 140.5264757784676 135.551065274407 55.31546901458064 58.16604477379741 123.06684930185426 74.42263854795769 77.39500320014544 98.86778987130981 132.31380412529 106.39822824358431 77.01135489052598 65.80312389400878 106.22724298922597 110.51819106987249 79.90663704636414 68.70518063853032 60.548432361553104 118.71431432812913 108.9923204565035 90.58868249682664 100.52057386721201 119.75974597033708 55.86431363753546 138.01495994990154 111.89257717158698 69.207088625195 115.55367949572388 111.30631021270145 123.00882983673085 52.042956350516164 108.75671527129802
64.08949545082535 124.78774943560362 126.9028369493676 117.94852757345743 94.96852503269092 118.64826489308903 0.0 123.8915521985195 102.20665891466552 99.32577365885498 79.34033463729784 71.63424346447302 77.19209554048822 149.97213539503497 122.6590279861424 122.87108024943353 70.11828776466527 123.09069670927887 132.73464532502626 54.487233193995124 83.68309316778044 123.89360728005563 132.59439700572653 68.68382544364421 53.08504744661824 71.96559739224405 101.92121881625455 124.18671640822888 56.84265254223776 90.98690193996623 144.59627981903174 66.93924194848427 115.4866310234745 92.25191368328295 95.14995460099934 64.81173793309064 149.39483241285558 53.441719537520505 75.45104176822613 147.81671808000738 73.91059075647256 62.91934021834532 113.05507642088257 136.87660087911735 99.24172487222752 102.12851802679327 133.3626716384168 69.6803816528823 107.24350371395863 74.6224797081852 65.04932809763453 96.3031913070075 116.11099806096455 110.29807663476932 80.55237414431883 139.01955847457833 103.25985910148074 138.34941411499983 78.81005326215603 142.0669379409511 102.35950201971045 119.94709888136332 69.50101556078131 97.29782225571718 147.14811921075372 141.01098544356225 51.13631187507034 120.52350212625582 132.79920386070165 98.01601479997304 95.32012832651232 94.01037914638364 69.86660018651449 135.74825548494186 121.00370382146856 105.7941015248297 54.99651796472872 120.38956025455542 87.48126580785329 89.65006449544784 77.81390339842122 80.32800769710472 74.33740241946902 105.14162593931758 133.23218917165227 97.39355145327309 76.50604488423355 81.7661976231787 53.620089537153014 149.6384905356315 102.68292029784665 112.86889729029912 140.12383733175935 95.28466989650205 141.83180694902666 146.46456174008856 106.86492995333415 85.82600762594579 79.29875221489367 120.30218973786184
77.5878783551963 87.75166867718976 102.87351182296763 50.98889698155505 86.01659663335292 104.50920204602855 123.8915521985195 0.0 115.3139110198958 63.59221502367082 69.00229657953531 146.57446842665732 54.06216679753837 65.38741450471163 94.92598885426774 135.6022832813677 123.9165884532353 74.3544620211272 148.37979968360258 79.28938375485423 96.35485474118255 95.81603129102976 56.53497248918104 112.25077306922347 145.28614516033505 137.0267493302003 121.4450624635699 62.84796903666251 115.00181659779528 127.7208739625046 117.61825123058934 98.94526787799644 131.73915211631288 121.24623161804227 101.18128992912177 114.45078425878782 137.3755152665799 123.10319290442554 60.97432931391079 124.17520858560616 127.26741269165544 138.96445955425378 74.29344986423865 59.51992835692258 78.81577437290703 148.48908342620467 130.6695047657754 98.126117647885 142.24226086896545 144.67494773921396 118.16253698152043 129.6921154827382 106.85883720216337 76.58312732255649 94.02074169001197 77.55480422683439 98.04630486777089 146.1150016404148 80.2361194157202 135.9237142222679 83.22190430596433 147.4125530478155 61.41347198442456 144.35486939423743 148.82384997098487 50.99430249156692 87.83755288114335 113.45232917771969 112.0861091632953 56.297535612341065 63.35643907043278 72.32450439296562 131.13490512479632 141.10878900201868 114.16613065696353 143.31895770016092 81.7919664034973 56.98476581576444 129.2931895254884 131.64720901717732 116.06874502243726 92.60902537809577 86.98189695243397 96.76290509227692 60.200992906170455 82.19241828859285 136.0952292724468 109.84084552743542 139.05601038146875 74.85920311924897 127.58531449821518 63.2831256383097 125.62682987417249 86.92569844969823 55.91672762143061 96.07519169250361 132.34078217516372 147.46852033534032 96.72345071173937 128.89913992006012
135.32946338682947 131.33195144971336 54.34711551931085 132.7053788836734 130.1008763154281 62.41625262732002 102.20665891466552 115.3139110198958 0.0 148.847969502205 75.96237650268671 77.49497911175848 135.994262366398 50.525864364784404 146.35011879196415 92.8890117530942 129.25864357712373 100.99372561267599 104.99096455061638 135.65511193544899 148.46769193145408 121.83559570138966 53.12448654983317 78.55279024271556 126.67804241771142 82.3116347721905 72.57219201092124 107.95344880235382 120.03151118946195 118.36850128211076 86.28015474609444 95.7496501928426 132.1261848318879 58.811839998925095 94.28156680113327 89.96449047577968 143.16765426335436 106.06851972555405 121.84132134725627 114.26331355958904 85.03359265730916 98.57830837554191 73.12217466150662 114.91369296101887 120.84819137930396 76.77167085104689 99.39137898614541 102.30742041230654 85.93364183279894 121.75589702084599 141.80746983450285 135.91695327026616 110.74563790207478 88.72561285663161 86.943382847306 85.47112875415473 93.5294846367378 148.27081569166143 115.82545208052571 99.35972293821979 68.37640881089663 91.81666519807925 132.29801370519863 55.72106493555907 65.61031551826281 113.96682015671368 83.70440485959935 119.91409741803213 109.23412893640605 114.12576245289199 141.00858510413028 142.6897828504505 138.5919122235651 81.46217142132748 133.8752110411857 146.06900597071208 133.49564929146356 141.55189308318967 95.98014268775914 89.16218531992764 115.29054850727289 86.75209627181741 74.0658069407477 65.91774619101777 128.97377390106956 90.44147280618171 92.06883048915618 86.31283806333994 146.41041262098506 54.47730138175282 92.02148266336559 137.91972129420247 103.37653629801073 125.31175113070543 91.81777451075945 125.5466562414085 90.8746736592129 81.83092972339303 141.20649798094695 101.40113640849017
67.96504160475169 131.69003118452906 80.07048081201062 95.25325883135511 102.78600919346586 76.55505216499868 99.32577365885498 63.59221502367082 148.847969502205 0.0 139.5663435910759 103.61230435645889 111.76097731322854 140.53155442090932 78.2313313074653 132.48408689880466 112.10604459428902 93.25659459216499 57.93439526193514 148.05802411448246 133.882580205829 124.2109743076777 144.7584044810243 139.9640394914325 82.8039343128824 148.02637205655384 54.627899961286275 113.57808685896757 74.99651402024519 110.18116074880108 58.8257945811932 144.54196701479236 128.6640400631913 132.34960867790448 68.11759089505425 140.32807851448004 84.41523490558146 106.74833976048697 114.19806630992353 71.2576061056646 110.32598330373156 118.66838331846287 85.4334666113208 130.06377023974983 85.1767632354543 123.76897589377603 58.10713645022753 91.28762771767168 147.02449280993844 82.72502476673726 52.96416949508441 124.29433222613213 51.758138464423034 73.69878803619747 53.99134612581323 56.92962134695886 111.3918871558827 70.10377512709807 117.38689732966776 144.4152721674148 117.9270661814564 110.34528538339872 106.75714185262592 106.34412122819356 123.14222727360149 52.213737479710865 101.8323299164537 75.84252359514767 111.67750236230346 119.84964038710987 109.54924300950304 93.84027727744575 111.30301104506057 99.19178231497838 136.48014877644357 83.19827608054615 69.75073666039621 62.70795062332996 81.01781441251279 108.63095498546772 69.71771187046686 54.70567321310131 62.40026977417685 105.30880337272701 91.62625009142505 135.25174537282737 133.39491182878422 120.00964353654355 127.40296217818481 120.94636596339848 52.670055258754324 88.52019392043934 64.87054143091433 131.70181641452228 64.94017307128823 142.127802392748 148.56595067441947 89.74229231021468 111.8551852398417 146.94163305324923
74.30348950173325 122.52000141816238 111.59743559682292 68.1867648841057 67.20138851770548 107.05199629149597 79.34033463729784 69.00229657953531 75.96237650268671 139.5663435910759 0.0 61.84611699013807 104.361742158953 82.73943120084766 89.44380999827237 106.53858760331116 128.97338406186876 124.20976030624796 88.09265154971563 143.36443628157258 79.54393947834788 123.60649676787996 93.49630879012877 106.10239516413695 105.97054181189188 89.97207898398739 78.12118113909978 109.6509485181155 107.40001654555414 127.72558708287569 133.59197181943364 103.80529600269904 90.85236714801377 83.67418705830458 77.9300316101491 115.15334577534063 85.07883936334854 130.39454939755404 79.73642692981474 108.52280353105846 76.01373748362796 107.08619839072247 114.02455618233664 94.93962167076495 85.66777968814151 139.70108761638528 135.83559415033892 147.4219401959948 147.52530770485015 90.4086098938398 147.23355926907533 146.24125762434295 110.90767258584927 132.06139401168394 137.209958576214 100.52018025121833 73.9027784175636 130.09994273616536 145.26477203529095 110.33771635170277 122.1405560989606 138.7599528955492 90.51638233211986 96.63312536737274 114.77024941684749 138.35419646327193 98.77838062210772 141.76796803797015 62.94821693955859 92.98705505174294 76.98613053985329 138.30716959606548 101.62764807169795 51.02956176374127 93.14498037896396 141.6956576770558 138.04182160146007 62.95947849340207 97.49997540157563 118.68222833973265 134.98924948343267 99.10627838843895 130.0522528144498 102.80226277331172 120.46138479730791 96.01068198761966 136.64157102365562 65.48977575570957 73.58253704910962 67.12394927191367 148.23142958093712 100.74971393477327 59.98360431376365 105.04517515715541 100.99039584299197 104.07033993722803 79.46358023358164 123.06101433010076 130.48205873483636 128.28432885116638
51.37504843403426 56.0819196656105 139.2026724198271 94.45832807416605 64.88115709008918 53.059948244754054 71.63424346447302 146.57446842665732 77.49497911175848 103.61230435645889 61.84611699013807 0.0 52.62145166779022 51.26345036883383 63.599280472637986 133.62008188431847 71.99654100013672 105.75852459535297 53.91148100821549 64.39747093122457 61.98220679822517 122.28721788601057 128.55327858253102 70.92006352071516 130.81446465589016 142.50655160738685 82.86378011631213 74.7846624699963 149.86420988972733 91.73603557426995 97.2457555534613 70.48854365449057 80.1284657220638 51.50617387277172 105.25938109668886 132.46692518495144 142.59855902027834 131.82636530827813 134.71687469870378 69.5883973005356 98.37283023815603 105.83764729462195 114.59968076858968 106.22411997617958 93.59777013819635 124.96850764050086 110.84369259809485 72.85000267154211 126.87582081008212 112.98282471054205 142.61643475731034 65.66522907004648 105.0389838253193 116.10011782595186 141.12818197744207 142.67359650665395 103.55045192084458 143.34940102930716 114.22948586836964 82.0101726912602 129.78143816387708 122.2242073365991 128.88812314094685 130.862131452465 81.77681678187818 59.70581867904221 129.51422336110426 112.47698829515997 84.66570732829183 114.96832135069455 127.83091408836704 116.08065297710003 73.1197437027961 87.18946960053593 109.04786492619323 52.99104227544974 109.01116252672534 136.39221353777128 83.72134908921905 136.4248515169479 72.84144465666856 144.91461188863508 108.74206917250774 147.92233954468765 58.76111888197421 93.84772398694619 123.15357910357847 110.00404891727504 62.576969603215005 95.81248706530685 143.98096353905643 108.82430047893422 101.96776278905548 57.969689809631774 132.38642411433673 134.7458306293901 126.63728628324313 95.98063775744575 136.8966579860837 147.59895329919163
146.55190965361152 123.47384301701123 123.4203388251597 143.45538795009662 98.48072345709662 55.486012186279446 77.19209554048822 54.06216679753837 135.994262366398 111.76097731322854 104.361742158953 52.62145166779022 0.0 140.3181076792307 104.06725911202452 60.17491062074728 62.415049175688594 133.27026054131358 87.29699079792651 93.00609822118213 127.22423802870814 99.87130308692397 89.70506823984124 82.62566076400039 114.45109133896261 93.96904899116782 137.9548617942026 131.24938160495861 96.6136933603881 141.43280371459173 93.28589495077372 117.30228463494102 88.54056133703276 75.74729815991898 149.36210118632732 62.963939028409875 126.16616463921771 138.77902277589146 137.47526956821693 110.32491331735005 130.30254128410186 123.72485256589346 105.9946569505937 149.67263026376287 51.309184453653856 145.03338797872698 72.0854710499485 76.74661224983376 79.1637981039174 126.12960837322234 105.49065733757729 79.7714544519853 93.68513952645212 131.09500554009816 81.41390943433026 133.53343375830252 62.68212242475475 138.35871432014375 104.76371506519625 114.4493491714084 117.07880387268628 145.30826917784762 81.419911368873 148.23487293401075 86.68862700547182 90.3148582432529 66.05715540655225 105.94498273321445 112.64426111632116 69.91016883036242 111.30419725868151 133.33941744960737 87.5379730589217 90.65400115790153 58.25229325373742 52.06714885571871 76.50354745458921 131.0429934196347 76.20231645083794 106.92693333891681 64.15755082800985 78.4065468522569 85.07228758413979 99.33784910011076 110.88783625992306 110.97114488655015 128.5429391157132 53.53260271902565 103.60829840563167 68.71274140732274 77.40634085044829 75.86037904266911 91.03083790905254 67.63550908849956 114.76166397372275 74.67110152832161 107.10768303577085 63.26712150976384 66.44041850483549 111.65623265578813
120.34378694020953 57.77862440753692 57.235685094013256 50.066695032791884 130.65250921531825 87.01300890286399 149.97213539503497 65.38741450471163 50.525864364784404 140.53155442090932 82.73943120084766 51.26345036883383 140.3181076792307 0.0 68.43450590919537 55.10681447125094 141.87980981280685 109.92547714985483 92.04619250050092 116.62053986607108 141.51509489051188 79.51964721164646 144.4523011638365 142.26369635677634 91.2359513346624 57.93814246328135 124.4820750875039 136.03247021625555 89.82699784863382 125.77975230590498 76.83161892617076 111.87706893467342 112.30596282575806 71.11724152447734 53.68557904626894 88.14346445575688 104.62119447163187 124.47206707900847 97.78516231426023 86.10601728370933 102.81375548850987 80.32903037882193 118.2638747494776 93.80159237791395 105.42279903816849 74.68310746915769 118.30927670393278 87.6781161080755 67.97209861364294 116.18353451117345 137.40564021087266 52.28251644341418 144.59345494911787 111.90295508582147 88.7801648130964 143.13174728001076 55.991548259555486 125.62251674083254 106.16588130994188 67.66088202705504 132.67226972693814 60.62513318882085 109.55835605727455 139.2597517179081 130.8033535984681 100.5974862414804 130.33480282897295 54.58886427753673 143.03372216439382 85.3767433916579 127.70909372947621 128.1269244354226 87.51986373707837 101.75600226715571 51.528331928187775 145.78733732558405 51.62688511229364 121.76116605607955 148.64216605676822 109.77945466636714 78.17197334778487 144.99235816892195 90.33980861677931 69.35310656817578 124.50222724986622 116.44687045745209 80.82119873649742 75.03554816434561 97.45787299399902 124.74339526444732 87.26741319760586 98.28063784944632 83.90846402303177 140.52078319221386 96.67846814328108 67.89549099834322 107.14505251689314 125.4267923392019 99.05230080735136 125.10049917322146
123.16814784924586 123.56226329605569 113.64686603608683 137.91144369618826 94.84761154037662 98.6088548054374 122.6590279861424 94.92598885426774 146.35011879196415 78.2313313074653 89.44380999827237 63.599280472637986 104.06725911202452 68.43450590919537 0.0 118.90160506166517 102.42193602297836 74.14283652817447 92.31838655776053 70.32271178624592 107.60602743235847 103.5105857248105 118.857675590678 140.30020020347956 141.31344286046414 68.51989939151639 137.43357961434134 54.6562743283293 78.34516016385835 80.66268519454039 132.93781952881488 120.84942015596373 143.57630927599178 97.3110930268254 120.78895265980091 115.65024850434091 61.848989509580356 87.45432522792272 85.88103730966047 79.15161402057251 63.06006919088915 104.26895641739134 119.61801628428054 74.63479121479874 76.06240538502028 95.50120809199167 105.2090901172966 83.86678088919508 70.26099193336155 107.60394876452446 71.87841160628376 137.38063879911098 77.06552186407613 96.40398593741284 76.00511577488564 55.75239594931834 63.993712139998024 51.293181115617905 92.26673534988736 52.47176430389878 96.04243178216234 71.98440059536478 72.3062415368737 120.83471859100025 111.13835011746598 118.62587481537545 129.39765892234533 91.05257672203209 69.325355643871 92.00041047131214 76.17588990058351 115.04981558434947 107.42036119631094 94.36955943557777 104.16962014476366 78.24877972608921 92.79519556956188 104.33093854092445 149.2746285505479 114.11870539372953 111.51191877446514 66.9021431853743 76.65030507758031 72.89873131145892 91.81211931476395 122.50798040264094 65.68811072384598 119.77744363491117 68.66104906553244 121.20744725311509 97.67642498739826 110.89359612008303 114.29475651387648 62.761748181143794 65.6073547054993 95.52127912018327 63.270305126870795 126.8308578939006 138.5225576158554 137.83120926403296
53.23346974673508 136.35548910099155 96.41066371845072 137.97680506064046 84.48212609973956 58.33104272105901 122.87108024943353 135.6022832813677 92.8890117530942 132.48408689880466 106.53858760331116 133.62008188431847 60.17491062074728 55.10681447125094 118.90160506166517 0.0 66.13426930196593 102.98597319341268 62.55729561832347 115.50886702668015 91.88994220451606 97.9199966251753 58.6801771333037 57.6099667157953 79.03261273530327 104.1963990856706 125.79773054431084 148.26051392403951 95.12035866551223 139.55829728482647 63.8201414067473 95.25930849574215 140.05650223697864 87.1641803750775 122.13520439321475 111.44634575141892 54.74038164867484 97.080588814823 103.09668075641665 85.0914236304423 90.75749721629779 134.44206249120901 88.69912980306711 140.10035337452 78.23410781998662 61.87763100862962 61.89366431232905 59.08399926080338 67.08466010256201 70.64349183219602 51.36936355470113 55.1870300221339 137.5607065159988 74.13665201414595 65.62658206990321 147.05308441353986 141.82049132451408 109.82882244368395 85.84985117574703 142.19260355837596 97.76689445376812 66.94995968870273 69.48827000803476 91.05109278548662 58.744564487899254 120.45832719960555 53.902167288978234 104.96675175867168 137.63931587694222 86.77703755818234 53.10308698950937 126.25256799768891 69.16732527446786 95.68837827246716 112.37220781671004 99.98972168256091 104.07204124236456 144.1249234609299 74.53792127678261 130.96255585898535 119.84860125548808 104.7501571918202 120.28044767241639 119.00469218284383 82.4931917298048 54.05935456249831 113.68609311878159 51.650910840335825 118.02091456852925 130.2078032885588 66.37804321725376 110.99629972539657 111.9433950345894 89.39586125948794 94.18642832000869 69.37541807922221 113.90747815659066 60.15066473500846 106.87716720875987 98.9250707570088
112.24973558035472 135.40506365887103 100.0562340484484 80.58214991426361 103.57835142403297 117.65558657387878 70.11828776466527 123.9165884532353 129.25864357712373 112.10604459428902 128.97338406186876 71.99654100013672 62.415049175688594 141.87980981280685 102.42193602297836 66.13426930196593 0.0 126.47800565135945 132.08509698258382 103.94249124552013 69.83684278125554 86.54143402240157 103.03661615294583 114.24359043149474 106.91467812355216 101.33400161264595 61.83439934557978 117.68669422284687 144.58202136775188 135.9471013468459 109.35801054612644 51.50760286959829 124.6169357192001 117.97402921034397 148.1142063539001 79.91644195114748 63.40098709825139 109.54602144226158 112.31823639507148 82.92198890286787 101.59418229435582 106.28501615855862 120.84017607112678 90.04684978990778 121.4711812680428 70.17021732277232 57.81406504744322 103.49618219314604 138.10483883035272 145.58427952259518 132.60254951565747 51.37968042895697 113.83623852637685 124.57001464955687 103.67468211629755 119.84871332356536 110.01852725446494 92.41847550410958 128.93846575305335 122.28543196500569 59.31879437902477 52.32842881440146 57.345909270831505 131.74281227133417 144.15112722085587 77.67335366865493 148.39451323894752 111.27109667911739 66.79466904812145 90.48811430148834 60.111041276765675 77.74855507414216 82.27722275671067 144.15211407675937 138.86046995587435 122.78135635426732 92.59737655961445 139.9668354936253 101.734541523593 89.59165215645638 105.10331057199016 104.83783249617002 121.58383442708683 81.26735672740331 57.39929632960662 114.22011259730593 146.55496499197386 76.79047510422603 133.07529277459665 115.99969709200315 83.01727884124381 142.69968548851512 118.35079222230827 81.26736145285463 60.47557924471857 138.38600550390407 116.97470983263386 89.9153850481483 77.57026977642518 73.2432720497846
143.4564033266057 83.46592391940874 131.9733341684929 116.56462976215684 81.13465369711423 115.96692369206707 123.09069670927887 74.3544620211272 100.99372561267599 93.25659459216499 124.20976030624796 105.75852459535297 133.27026054131358 109.92547714985483 74.14283652817447 102.98597319341268 126.47800565135945 0.0 97.05942892179485 118.0033131127105 113.66685263891691 77.99533044385734 92.40153831158074 91.20313203827054 56.49734678827241 71.4341646807541 68.34124240295705 56.024269876169086 109.64705903167577 88.05087056019005 67.43548637407575 109.52311313740807 141.1224391798968 108.91855135379741 124.94832335225456 113.90043111685672 140.6169039509623 108.63543439400604 104.13593471669725 74.61848928236803 54.58127930855209 123.53541207632827 130.8895824574583 54.312536250724534 143.61798419050155 142.15630088909217 84.45595821099863 51.328976807001645 69.04564697088138 54.74871654105071 91.10351106075711 86.47666103456687 136.73042673332003 111.09273700440949 104.10710057818723 79.24122745136512 96.0224505823563 56.370049483697606 55.55337858574679 115.32894834990171 133.03018206428524 80.93424966371165 118.17683589746065 71.94141803390252 120.83263576390175 86.16621008135965 74.76219648743199 147.1460549645042 90.42241504400228 89.20710008465392 101.23016122752398 94.3773979031157 68.18532945285483 119.57208116292232 113.79952091819658 122.33675014945922 69.50387937422505 55.46334841694927 139.32012146350453 126.51222537989185 81.14662207931286 77.48669798251149 82.2903330935693 59.787674545906235 130.12541727964094 141.81167572499635 99.23346558514287 133.16850207867074 83.19722334683797 59.08897843807319 59.396342106311586 54.857004085895554 113.20821212149053 117.81791145002293 83.83639143661537 108.00904491622092 50.460995663250415 112.33802019960467 93.8470159137608 128.75283972312278
141.02953122056857 119.74274926970907 129.92514211057818 64.48273088390063 57.49947180459469 138.2059730100449 132.73464532502626 148.37979968360258 104.99096455061638 57.93439526193514 88.09265154971563 53.91148100821549 87.29699079792651 92.04619250050092 92.31838655776053 62.55729561832347 132.08509698258382 97.05942892179485 0.0 134.8946867360196 120.28672106021429 70.10702170061003 110.49619944539226 110.8733290781382 142.4951565960038 112.95564145690184 75.09790236269347 82.24604580266308 79.22330562082206 87.57252511498163 69.53032913851548 105.81813020741394 104.58500770802925 127.69559294481854 142.8669381728148 53.263628807062624 110.11578504259603 144.93689319773034 116.46302288021471 95.97922733902715 86.93618461311169 108.47584829796463 110.56266456797175 140.09350876560922 143.94505764731474 112.25321056098852 63.718225890615265 64.62083054372877 125.16916256438311 91.10470668914782 121.28464316975973 60.23651349443373 139.45095876800198 59.67440772921837 133.1295514563326 70.102063423022 136.29138116206622 137.8671106310383 65.43010271386457 103.5097726157697 140.44359251386095 140.9427645211849 124.75577819287228 123.25613892026254 142.04137683841756 101.14962694319311 107.0437571222165 107.23755312819355 128.87468634246613 138.11537116888502 122.10580138050666 113.74315006253563 134.30592160045592 60.298559604663204 97.11247301727295 79.82240253759645 103.28565628453703 116.6395981164181 135.78404865884977 126.96626078824276 128.37174416222499 109.94877650659197 83.59070185530521 87.70664662511511 132.9013201533607 148.1752657670193 114.4452626825379 149.904850857453 136.99418683288778 140.16786765547553 53.16650755539229 54.35942976214042 77.91691323612434 70.43453877275927 126.89721839308761 132.2208506659888 117.47221464814575 145.45882739129928 122.82501564289602 90.30732714701881
77.6419987415189 138.11754035208767 139.848510197987 133.59195263389572 97.22315719579052 51.987794363009655 54.487233193995124 79.28938375485423 135.65511193544899 148.05802411448246 143.36443628157258 64.39747093122457 93.00609822118213 116.62053986607108 70.32271178624592 115.50886702668015 103.94249124552013 118.0033131127105 134.8946867360196 0.0 91.72363562629351 97.65192478578075 135.59723500815988 141.35675462787387 91.24044785915385 83.67960876353149 145.2247018211639 138.2752568012537 96.94503067654004 147.35042148059853 62.34934892592209 99.10202576316705 77.94626095830462 113.26927131162938 128.6852609385467 110.06938127442818 127.82422583447492 53.86896497236277 118.15067189418303 68.0248391354263 100.88945463227236 93.42491937417468 70.16863872265313 84.4593732150043 97.93451248126703 75.34553480717504 137.2552672054376 78.65662845882176 142.27866557347943 92.54437530522446 84.52528780059777 81.31947991390076 128.13800937049461 107.23742182681168 54.76385374367243 131.53663013528018 80.31023755929299 119.88374930867076 84.92160775825427 124.45652497679414 129.5480423509228 149.26638486760925 65.98341779994222 134.69356427414473 114.40245578529085 117.35755888496192 55.00050515901667 65.68067463423563 112.20399163937265 114.3644563999694 103.58267466350807 122.1150818718018 75.77839153298811 101.54967344079259 104.05796573223094 66.31341192546844 83.77408655190519 114.78049693619487 135.68838133321697 89.58560021324827 85.28383920198945 139.4591943001991 112.27920375948273 53.95469022692955 79.13116360324317 91.27671964609787 147.51667027290128 107.16319331578521 57.430224678031514 99.79182750770181 113.1448035784124 136.83989588432522 89.76904149477885 100.27195309034839 75.7295956930522 135.00732596465005 72.82530127761947 95.45358744733977 139.52499630746763 56.42068248111444
99.55725764997423 80.87802742963468 110.96993029826824 112.15982229641423 81.58732051532704 104.44712395594217 83.68309316778044 96.35485474118255 148.46769193145408 133.882580205829 79.54393947834788 61.98220679822517 127.22423802870814 141.51509489051188 107.60602743235847 91.88994220451606 69.83684278125554 113.66685263891691 120.28672106021429 91.72363562629351 0.0 146.29595329172662 102.5928473403137 60.86757224460915 64.84895701013505 69.82786001322614 70.72442522071903 141.5780750060556 134.69403745945445 75.14067322459819 110.41818597584748 133.35206804639512 93.15217299294375 80.06408730828247 109.3351289763945 96.36263672456136 65.95273867060746 78.30600545657083 116.56803332046054 144.56131349161348 122.47874993672008 70.43756409290151 89.69987903294366 122.4574164949546 52.738351811121845 114.60288386335176 120.65464625681209 72.55595823681375 116.04607615921147 138.80216884485563 51.74148679223596 137.0694375976018 130.02957188360594 135.07164569137043 133.12009598680032 128.60937831746907 149.44588978599813 140.37355947255475 87.19885759710388 54.64307576946699 71.83838363599489 93.63874289426693 62.643309903065834 107.74748430614802 135.03943344609036 143.9262901658259 68.87328355948164 139.29853240057008 80.2732940366963 59.76843838914668 133.67074246584147 72.96306318129703 129.126873932146 147.849812669333 97.84614563387188 79.58340900904722 65.43769897424663 139.60119097020691 120.88338846466306 148.06921499151483 96.78335498186871 54.06757337364952 145.48653812029406 128.44387374723857 142.29794030107473 103.62373773499114 146.87338871259107 52.856770594585726 144.15255392314182 118.88718282552333 149.74952528041229 105.28893344042166 134.9437912063828 96.25630133732756 108.34133472793471 82.6577914427465 147.6922563625039 120.83731213115286 136.8462358258247 71.61220273737786
